1.50841075 0.00340714 0.81200811
1.55713658 0.00340178 0.81184605
1.60586241 0.00339643 0.81144334
1.65458823 0.00339107 0.81080069
1.70331406 0.00338572 0.80991924
1.75203989 0.00338036 0.80880055
1.80076571 0.00337501 0.80744660
1.84949154 0.00336965 0.80585975
1.89821737 0.00336429 0.80404278
1.94694319 0.00335894 0.80199883
1.99566902 0.00335358 0.79973143
2.04439485 0.00334823 0.79724445
2.09312067 0.00334287 0.79454210
2.14184650 0.00333752 0.79162889
2.19057233 0.00333216 0.78850967
2.23929815 0.00332681 0.78518954
2.28802398 0.00332145 0.78167387
2.33674981 0.00331610 0.77796828
2.38547563 0.00331074 0.77407860
2.43420146 0.00330539 0.77001086
2.48292729 0.00330003 0.76577127
2.53165311 0.00329467 0.76136618
2.58037894 0.00328932 0.75680210
2.62910477 0.00328396 0.75208563
2.67783059 0.00327861 0.74722346
2.72655642 0.00327325 0.74222236
2.77528225 0.00326790 0.73708913
2.82400807 0.00326254 0.73183063
2.87273390 0.00325719 0.72645369
2.92145973 0.00325183 0.72096517
2.97018555 0.00324648 0.71537187
3.01891138 0.00324112 0.70968056
3.06763721 0.00323577 0.70389797
3.11636303 0.00323041 0.69803072
3.16508886 0.00322505 0.69208538
3.21381469 0.00321970 0.68606838
3.26254051 0.00321434 0.67998607
3.31126634 0.00320899 0.67384466
3.35999217 0.00320363 0.66765024
3.40871799 0.00319828 0.66140875
3.45744382 0.00319292 0.65512597
3.50616965 0.00318757 0.64880754
3.55489547 0.00318221 0.64245894
3.60362130 0.00317686 0.63608546
3.65234713 0.00317150 0.62969225
3.70107295 0.00316615 0.62328426
3.74979878 0.00316079 0.61686627
3.79852461 0.00315543 0.61044288
3.84725043 0.00315008 0.60401851
3.89597626 0.00314472 0.59759740
3.94470209 0.00313937 0.59118362
3.99342791 0.00313401 0.58478104
4.04215374 0.00312866 0.57839336
4.09087957 0.00312269 0.57202410
4.13960539 0.00311478 0.56567662
4.18833122 0.00310686 0.55935409
4.23705705 0.00309894 0.55305951
4.28578287 0.00309102 0.54679573
4.33450870 0.00308310 0.54056543
4.38323453 0.00307519 0.53437112
4.43196035 0.00306727 0.52821517
4.48068618 0.00305935 0.52209980
4.52941201 0.00305143 0.51602706
4.57813783 0.00304352 0.50999889
4.62686366 0.00303560 0.50401707
4.67558949 0.00302768 0.49808325
4.72431531 0.00301976 0.49219898
4.77304114 0.00301185 0.48636564
4.82176697 0.00300393 0.48058452
4.87049279 0.00299601 0.47485680
4.91921862 0.00298809 0.46918352
4.96794445 0.00298018 0.46356566
5.01667027 0.00297226 0.45800405
5.06539610 0.00296434 0.45249947
5.11412193 0.00295642 0.44705258
5.16284775 0.00294851 0.44166395
5.21157358 0.00294059 0.43633409
5.26029941 0.00293267 0.43106341
5.30902523 0.00292475 0.42585225
5.35775106 0.00291684 0.42070089
5.40647689 0.00290892 0.41560953
5.45520271 0.00290100 0.41057830
5.50392854 0.00289308 0.40560729
5.55265437 0.00288517 0.40069653
5.60138019 0.00287725 0.39584597
5.65010602 0.00286933 0.39105555
5.69883185 0.00286141 0.38632513
5.74755767 0.00285321 0.38165455
5.79628350 0.00284463 0.37704358
5.84500933 0.00283604 0.37249198
5.89373515 0.00282746 0.36799946
5.94246098 0.00281887 0.36356569
5.99118681 0.00281029 0.35919034
6.03991263 0.00280170 0.35487301
6.08863846 0.00279312 0.35061330
6.13736429 0.00278453 0.34641077
6.18609011 0.00277595 0.34226498
6.23481594 0.00276736 0.33817544
6.28354177 0.00275878 0.33414167
6.33226759 0.00275019 0.33016314
6.38099342 0.00274160 0.32623934
6.42971925 0.00273302 0.32236973
6.47844507 0.00272443 0.31855374
6.52717090 0.00271585 0.31479081
6.57589673 0.00270726 0.31108038
6.62462255 0.00269868 0.30742185
6.67334838 0.00269009 0.30381463
6.72207421 0.00268151 0.30025813
6.77080003 0.00267292 0.29675175
6.81952586 0.00266434 0.29329487
6.86825169 0.00265575 0.28988689
6.91697751 0.00264717 0.28652719
6.96570334 0.00263858 0.28321515
7.01442917 0.00263000 0.27995016
7.06315499 0.00262141 0.27673160
7.11188082 0.00261283 0.27355886
7.16060665 0.00260425 0.27043130
7.20933247 0.00259566 0.26734833
7.25805830 0.00258708 0.26430933
7.30678413 0.00257850 0.26131368
7.35550995 0.00256992 0.25836077
7.40423578 0.00256134 0.25545000
7.45296161 0.00255275 0.25258077
7.50168743 0.00254417 0.24975248
7.55041326 0.00253559 0.24696454
7.59913909 0.00252701 0.24421635
7.64786491 0.00251843 0.24150733
7.69659074 0.00250984 0.23883691
7.74531657 0.00250126 0.23620450
7.79404239 0.00249268 0.23360953
7.84276822 0.00248410 0.23105146
7.89149405 0.00247552 0.22852971
7.94021987 0.00246693 0.22604373
7.98894570 0.00245835 0.22359299
8.03767153 0.00244977 0.22117693
8.08639735 0.00244119 0.21879504
8.13512318 0.00243261 0.21644677
8.18384901 0.00242403 0.21413162
8.23257483 0.00241544 0.21184907
8.28130066 0.00240686 0.20959860
8.33002649 0.00239828 0.20737973
8.37875231 0.00238970 0.20519196
8.42747814 0.00238143 0.20303480
8.47620397 0.00237318 0.20090777
8.52492979 0.00236493 0.19881039
8.57365562 0.00235669 0.19674221
8.62238145 0.00234844 0.19470275
8.67110727 0.00234019 0.19269158
8.71983310 0.00233195 0.19070823
8.76855893 0.00232370 0.18875228
8.81728475 0.00231546 0.18682328
8.86601058 0.00230721 0.18492081
8.91473641 0.00229896 0.18304446
8.96346223 0.00229072 0.18119379
9.01218806 0.00228247 0.17936842
9.06091389 0.00227423 0.17756793
9.10963971 0.00226598 0.17579194
9.15836554 0.00225773 0.17404004
9.20709137 0.00224949 0.17231187
9.25581719 0.00224124 0.17060705
9.30454302 0.00223299 0.16892519
9.35326885 0.00222475 0.16726595
9.40199467 0.00221650 0.16562896
9.45072050 0.00220826 0.16401387
9.49944633 0.00220001 0.16242032
9.54817215 0.00219176 0.16084800
9.59689798 0.00218360 0.15929654
9.64562381 0.00217586 0.15776563
9.69434963 0.00216812 0.15625495
9.74307546 0.00216038 0.15476416
9.79180129 0.00215264 0.15329297
9.84052711 0.00214490 0.15184105
9.88925294 0.00213716 0.15040811
9.93797877 0.00212942 0.14899385
9.98670459 0.00212168 0.14759798
10.03543042 0.00211394 0.14622020
10.08415625 0.00210620 0.14486024
10.13288207 0.00209846 0.14351781
10.18160790 0.00209072 0.14219265
10.23033373 0.00208298 0.14088448
10.27905955 0.00207524 0.13959304
10.32778538 0.00206750 0.13831806
10.37651121 0.00205976 0.13705930
10.42523703 0.00205202 0.13581650
10.47396286 0.00204428 0.13458942
10.52268869 0.00203654 0.13337781
10.57141451 0.00202880 0.13218143
10.62014034 0.00202106 0.13100005
10.66886617 0.00201332 0.12983345
10.71759199 0.00200558 0.12868138
10.76631782 0.00199787 0.12754363
10.81504365 0.00199072 0.12641999
10.86376947 0.00198356 0.12531023
10.91249530 0.00197641 0.12421415
10.96122113 0.00196925 0.12313153
11.00994695 0.00196210 0.12206218
11.05867278 0.00195495 0.12100589
11.10739861 0.00194779 0.11996246
11.15612443 0.00194064 0.11893170
11.20485026 0.00193348 0.11791343
11.25357609 0.00192633 0.11690745
11.30230191 0.00191917 0.11591357
11.35102774 0.00191202 0.11493163
11.39975357 0.00190487 0.11396144
11.44847940 0.00189771 0.11300282
11.49720522 0.00189056 0.11205560
11.54593105 0.00188340 0.11111962
11.59465688 0.00187625 0.11019471
11.64338270 0.00186909 0.10928070
11.69210853 0.00186194 0.10837744
11.74083436 0.00185479 0.10748476
11.78956018 0.00184763 0.10660252
11.83828601 0.00184048 0.10573055
11.88701184 0.00183332 0.10486872
11.93573766 0.00182630 0.10401687
11.98446349 0.00181976 0.10317485
12.03318932 0.00181321 0.10234253
12.08191514 0.00180667 0.10151976
12.13064097 0.00180013 0.10070641
12.17936680 0.00179359 0.09990234
12.22809262 0.00178705 0.09910742
12.27681845 0.00178051 0.09832152
12.32554428 0.00177397 0.09754450
12.37427010 0.00176743 0.09677625
12.42299593 0.00176088 0.09601663
12.47172176 0.00175434 0.09526553
12.52044758 0.00174780 0.09452282
12.56917341 0.00174126 0.09378839
12.61789924 0.00173472 0.09306212
12.66662506 0.00172818 0.09234389
12.71535089 0.00172164 0.09163360
12.76407672 0.00171509 0.09093113
12.81280254 0.00170855 0.09023637
12.86152837 0.00170201 0.08954921
12.91025420 0.00169547 0.08886956
12.95898002 0.00168893 0.08819730
13.00770585 0.00168239 0.08753233
13.05643168 0.00167585 0.08687456
13.10515750 0.00166952 0.08622388
13.15388333 0.00166359 0.08558020
13.20260916 0.00165765 0.08494343
13.25133498 0.00165172 0.08431346
13.30006081 0.00164579 0.08369020
13.34878664 0.00163985 0.08307357
13.39751246 0.00163392 0.08246348
13.44623829 0.00162799 0.08185983
13.49496412 0.00162205 0.08126254
13.54368994 0.00161612 0.08067153
13.59241577 0.00161019 0.08008670
13.64114160 0.00160426 0.07950799
13.68986742 0.00159832 0.07893530
13.73859325 0.00159239 0.07836856
13.78731908 0.00158646 0.07780768
13.83604490 0.00158052 0.07725259
13.88477073 0.00157459 0.07670322
13.93349656 0.00156866 0.07615949
13.98222238 0.00156272 0.07562132
14.03094821 0.00155679 0.07508864
14.07967404 0.00155086 0.07456139
14.12839986 0.00154492 0.07403948
14.17712569 0.00153899 0.07352285
14.22585152 0.00153306 0.07301143
14.27457734 0.00152729 0.07250516
14.32330317 0.00152195 0.07200397
14.37202900 0.00151660 0.07150778
14.42075482 0.00151125 0.07101655
14.46948065 0.00150590 0.07053020
14.51820648 0.00150055 0.07004868
14.56693230 0.00149520 0.06957191
14.61565813 0.00148985 0.06909985
14.66438396 0.00148450 0.06863243
14.71310978 0.00147916 0.06816959
14.76183561 0.00147381 0.06771127
14.81056144 0.00146846 0.06725743
14.85928726 0.00146311 0.06680799
14.90801309 0.00145776 0.06636291
14.95673892 0.00145241 0.06592214
15.00546474 0.00144706 0.06548561
15.05419057 0.00144172 0.06505328
15.10291640 0.00143637 0.06462510
15.15164222 0.00143102 0.06420101
15.20036805 0.00142567 0.06378096
15.24909388 0.00142032 0.06336491
15.29781970 0.00141497 0.06295280
15.34654553 0.00140962 0.06254458
15.39527136 0.00140427 0.06214022
15.44399718 0.00139893 0.06173965
15.49272301 0.00139405 0.06134284
15.54144884 0.00138925 0.06094975
15.59017466 0.00138446 0.06056031
15.63890049 0.00137966 0.06017450
15.68762632 0.00137486 0.05979227
15.73635214 0.00137006 0.05941357
15.78507797 0.00136526 0.05903837
15.83380380 0.00136046 0.05866661
15.88252962 0.00135566 0.05829827
15.93125545 0.00135087 0.05793330
15.97998128 0.00134607 0.05757165
16.02870710 0.00134127 0.05721330
16.07743293 0.00133647 0.05685820
16.12615876 0.00133167 0.05650631
16.17488458 0.00132687 0.05615760
16.22361041 0.00132207 0.05581203
16.27233624 0.00131728 0.05546956
16.32106206 0.00131248 0.05513016
16.36978789 0.00130768 0.05479379
16.41851372 0.00130288 0.05446041
16.46723954 0.00129808 0.05413000
16.51596537 0.00129328 0.05380251
16.56469120 0.00128848 0.05347791
16.61341702 0.00128369 0.05315618
16.66214285 0.00127889 0.05283727
16.71086868 0.00127457 0.05252116
16.75959450 0.00127028 0.05220781
16.80832033 0.00126599 0.05189720
16.85704616 0.00126171 0.05158929
16.90577198 0.00125742 0.05128404
16.95449781 0.00125313 0.05098144
17.00322364 0.00124884 0.05068145
17.05194946 0.00124455 0.05038404
17.10067529 0.00124026 0.05008919
17.14940112 0.00123597 0.04979686
17.19812694 0.00123169 0.04950702
17.24685277 0.00122740 0.04921966
17.29557860 0.00122311 0.04893474
17.34430442 0.00121882 0.04865223
17.39303025 0.00121453 0.04837211
17.44175608 0.00121024 0.04809435
17.49048190 0.00120595 0.04781892
17.53920773 0.00120167 0.04754581
17.58793356 0.00119738 0.04727498
17.63665938 0.00119309 0.04700642
17.68538521 0.00118880 0.04674009
17.73411104 0.00118451 0.04647597
17.78283686 0.00118022 0.04621403
17.83156269 0.00117593 0.04595427
17.88028852 0.00117165 0.04569664
17.92901434 0.00116756 0.04544113
17.97774017 0.00116374 0.04518771
18.02646600 0.00115992 0.04493637
18.07519182 0.00115610 0.04468708
18.12391765 0.00115228 0.04443982
18.17264348 0.00114846 0.04419456
18.22136930 0.00114463 0.04395130
18.27009513 0.00114081 0.04370999
18.31882096 0.00113699 0.04347063
18.36754678 0.00113317 0.04323320
18.41627261 0.00112935 0.04299767
18.46499844 0.00112553 0.04276402
18.51372426 0.00112171 0.04253224
18.56245009 0.00111789 0.04230230
18.61117592 0.00111407 0.04207419
18.65990174 0.00111025 0.04184788
18.70862757 0.00110643 0.04162337
18.75735340 0.00110261 0.04140062
18.80607922 0.00109879 0.04117962
18.85480505 0.00109496 0.04096036
18.90353088 0.00109114 0.04074282
18.95225670 0.00108732 0.04052697
19.00098253 0.00108350 0.04031280
19.04970836 0.00107968 0.04010030
19.09843418 0.00107586 0.03988945
19.14716001 0.00107204 0.03968022
19.19588584 0.00106831 0.03947261
19.24461166 0.00106491 0.03926660
19.29333749 0.00106152 0.03906216
19.34206332 0.00105812 0.03885930
19.39078914 0.00105473 0.03865798
19.43951497 0.00105133 0.03845820
19.48824080 0.00104794 0.03825994
19.53696662 0.00104454 0.03806318
19.58569245 0.00104115 0.03786791
19.63441828 0.00103775 0.03767412
19.68314410 0.00103436 0.03748178
19.73186993 0.00103096 0.03729089
19.78059576 0.00102757 0.03710143
19.82932158 0.00102417 0.03691339
19.87804741 0.00102078 0.03672676
19.92677324 0.00101738 0.03654151
19.97549906 0.00101399 0.03635764
20.02422489 0.00101059 0.03617513
20.07295072 0.00100720 0.03599398
20.12167654 0.00100380 0.03581415
20.17040237 0.00100041 0.03563566
20.21912820 0.00099701 0.03545847
20.26785402 0.00099362 0.03528258
20.31657985 0.00099022 0.03510798
20.36530568 0.00098683 0.03493465
20.41403150 0.00098343 0.03476258
20.46275733 0.00098004 0.03459176
20.51148316 0.00097672 0.03442218
20.56020898 0.00097371 0.03425383
20.60893481 0.00097070 0.03408668
20.65766064 0.00096769 0.03392075
20.70638646 0.00096468 0.03375600
20.75511229 0.00096167 0.03359243
20.80383812 0.00095866 0.03343003
20.85256394 0.00095565 0.03326879
20.90128977 0.00095264 0.03310870
20.95001560 0.00094963 0.03294975
20.99874142 0.00094662 0.03279192
21.04746725 0.00094361 0.03263520
21.09619308 0.00094060 0.03247959
21.14491890 0.00093759 0.03232508
21.19364473 0.00093458 0.03217165
21.24237056 0.00093157 0.03201929
21.29109638 0.00092856 0.03186801
21.33982221 0.00092555 0.03171777
21.38854804 0.00092254 0.03156858
21.43727386 0.00091953 0.03142043
21.48599969 0.00091651 0.03127330
21.53472552 0.00091350 0.03112720
21.58345134 0.00091049 0.03098210
21.63217717 0.00090748 0.03083799
21.68090300 0.00090447 0.03069488
21.72962882 0.00090146 0.03055275
21.77835465 0.00089845 0.03041159
21.82708048 0.00089544 0.03027140
21.87580630 0.00089254 0.03013216
21.92453213 0.00088988 0.02999386
21.97325796 0.00088721 0.02985651
22.02198378 0.00088455 0.02972008
22.07070961 0.00088188 0.02958457
22.11943544 0.00087922 0.02944998
22.16816126 0.00087656 0.02931630
22.21688709 0.00087389 0.02918350
22.26561292 0.00087123 0.02905160
22.31433874 0.00086856 0.02892058
22.36306457 0.00086590 0.02879044
22.41179040 0.00086324 0.02866116
22.46051622 0.00086057 0.02853273
22.50924205 0.00085791 0.02840516
22.55796788 0.00085524 0.02827843
22.60669370 0.00085258 0.02815254
22.65541953 0.00084992 0.02802748
22.70414536 0.00084725 0.02790324
22.75287118 0.00084459 0.02777981
22.80159701 0.00084192 0.02765719
22.85032284 0.00083926 0.02753537
22.89904866 0.00083659 0.02741435
22.94777449 0.00083393 0.02729411
22.99650032 0.00083127 0.02717465
23.04522614 0.00082860 0.02705597
23.09395197 0.00082594 0.02693805
23.14267780 0.00082327 0.02682089
23.19140362 0.00082061 0.02670449
23.24012945 0.00081795 0.02658883
23.28885528 0.00081542 0.02647392
23.33758110 0.00081307 0.02635974
23.38630693 0.00081072 0.02624629
23.43503276 0.00080836 0.02613356
23.48375858 0.00080601 0.02602155
23.53248441 0.00080365 0.02591025
23.58121024 0.00080130 0.02579966
23.62993606 0.00079895 0.02568976
23.67866189 0.00079659 0.02558056
23.72738772 0.00079424 0.02547204
23.77611354 0.00079188 0.02536421
23.82483937 0.00078953 0.02525705
23.87356520 0.00078718 0.02515056
23.92229102 0.00078482 0.02504474
23.97101685 0.00078247 0.02493958
24.01974268 0.00078011 0.02483507
24.06846850 0.00077776 0.02473121
24.11719433 0.00077541 0.02462799
24.16592016 0.00077305 0.02452541
24.21464598 0.00077070 0.02442346
24.26337181 0.00076834 0.02432215
24.31209764 0.00076599 0.02422145
24.36082346 0.00076364 0.02412137
24.40954929 0.00076128 0.02402191
24.45827512 0.00075893 0.02392305
24.50700094 0.00075657 0.02382480
24.55572677 0.00075422 0.02372714
24.60445260 0.00075187 0.02363008
24.65317842 0.00074951 0.02353360
24.70190425 0.00074716 0.02343771
24.75063008 0.00074496 0.02334240
24.79935590 0.00074288 0.02324766
24.84808173 0.00074081 0.02315349
24.89680756 0.00073873 0.02305989
24.94553338 0.00073665 0.02296685
24.99425921 0.00073458 0.02287437
25.04298504 0.00073250 0.02278243
25.09171086 0.00073042 0.02269105
25.14043669 0.00072835 0.02260021
25.18916252 0.00072627 0.02250991
25.23788834 0.00072419 0.02242014
25.28661417 0.00072211 0.02233090
25.33534000 0.00072004 0.02224219
25.38406582 0.00071796 0.02215401
25.43279165 0.00071588 0.02206634
25.48151748 0.00071381 0.02197919
25.53024330 0.00071173 0.02189254
25.57896913 0.00070965 0.02180641
25.62769496 0.00070757 0.02172077
25.67642078 0.00070550 0.02163564
25.72514661 0.00070342 0.02155100
25.77387244 0.00070134 0.02146685
25.82259826 0.00069927 0.02138319
25.87132409 0.00069719 0.02130001
25.92004992 0.00069511 0.02121732
25.96877574 0.00069303 0.02113510
26.01750157 0.00069096 0.02105335
26.06622740 0.00068888 0.02097207
26.11495322 0.00068680 0.02089126
26.16367905 0.00068473 0.02081091
26.21240488 0.00068265 0.02073101
26.26113070 0.00068071 0.02065158
26.30985653 0.00067888 0.02057259
26.35858236 0.00067705 0.02049405
26.40730818 0.00067522 0.02041596
26.45603401 0.00067339 0.02033831
26.50475984 0.00067156 0.02026110
26.55348566 0.00066973 0.02018432
26.60221149 0.00066789 0.02010798
26.65093732 0.00066606 0.02003206
26.69966314 0.00066423 0.01995657
26.74838897 0.00066240 0.01988150
26.79711480 0.00066057 0.01980685
26.84584062 0.00065874 0.01973262
26.89456645 0.00065691 0.01965880
26.94329228 0.00065508 0.01958539
26.99201810 0.00065325 0.01951239
27.04074393 0.00065142 0.01943979
27.08946976 0.00064959 0.01936759
27.13819558 0.00064776 0.01929579
27.18692141 0.00064593 0.01922439
27.23564724 0.00064410 0.01915338
27.28437306 0.00064227 0.01908276
27.33309889 0.00064044 0.01901252
27.38182472 0.00063861 0.01894267
27.43055054 0.00063678 0.01887320
27.47927637 0.00063495 0.01880411
27.52800220 0.00063311 0.01873539
27.57672802 0.00063128 0.01866705
27.62545385 0.00062945 0.01859908
27.67417968 0.00062762 0.01853147
27.72290550 0.00062579 0.01846423
27.77163133 0.00062396 0.01839736
27.82035716 0.00062221 0.01833084
27.86908298 0.00062059 0.01826468
27.91780881 0.00061898 0.01819887
27.96653464 0.00061737 0.01813342
28.01526046 0.00061576 0.01806832
28.06398629 0.00061415 0.01800356
28.11271212 0.00061254 0.01793915
28.16143794 0.00061093 0.01787508
28.21016377 0.00060931 0.01781135
28.25888960 0.00060770 0.01774796
28.30761542 0.00060609 0.01768491
28.35634125 0.00060448 0.01762219
28.40506708 0.00060287 0.01755979
28.45379290 0.00060126 0.01749773
28.50251873 0.00059964 0.01743599
28.55124456 0.00059803 0.01737458
28.59997038 0.00059642 0.01731349
28.64869621 0.00059481 0.01725272
28.69742204 0.00059320 0.01719226
28.74614786 0.00059159 0.01713212
28.79487369 0.00058998 0.01707229
28.84359952 0.00058836 0.01701277
28.89232534 0.00058675 0.01695357
28.94105117 0.00058514 0.01689466
28.98977700 0.00058353 0.01683607
29.03850282 0.00058192 0.01677777
29.08722865 0.00058031 0.01671977
29.13595448 0.00057869 0.01666208
29.18468030 0.00057708 0.01660467
29.23340613 0.00057547 0.01654757
29.28213196 0.00057386 0.01649075
29.33085778 0.00057225 0.01643423
29.37958361 0.00057064 0.01637799
29.42830944 0.00056903 0.01632204
29.47703526 0.00056758 0.01626637
29.52576109 0.00056616 0.01621099
29.57448692 0.00056474 0.01615588
29.62321274 0.00056333 0.01610106
29.67193857 0.00056191 0.01604651
29.72066440 0.00056049 0.01599224
29.76939022 0.00055907 0.01593824
29.81811605 0.00055766 0.01588451
29.86684188 0.00055624 0.01583105
29.91556770 0.00055482 0.01577785
29.96429353 0.00055340 0.01572493
30.01301936 0.00055199 0.01567227
30.06174518 0.00055057 0.01561987
30.11047101 0.00054915 0.01556773
30.15919684 0.00054774 0.01551585
30.20792266 0.00054632 0.01546422
30.25664849 0.00054490 0.01541286
30.30537432 0.00054348 0.01536174
30.35410014 0.00054207 0.01531088
30.40282597 0.00054065 0.01526027
30.45155180 0.00053923 0.01520991
30.50027762 0.00053781 0.01515979
30.54900345 0.00053640 0.01510992
30.59772928 0.00053498 0.01506030
30.64645510 0.00053356 0.01501092
30.69518093 0.00053214 0.01496178
30.74390676 0.00053073 0.01491287
30.79263258 0.00052931 0.01486421
30.84135841 0.00052789 0.01481578
30.89008424 0.00052647 0.01476759
30.93881006 0.00052506 0.01471963
30.98753589 0.00052364 0.01467190
31.03626172 0.00052222 0.01462441
31.08498754 0.00052081 0.01457714
31.13371337 0.00051939 0.01453010
31.18243920 0.00051814 0.01448328
31.23116502 0.00051690 0.01443669
31.27989085 0.00051565 0.01439032
31.32861668 0.00051441 0.01434418
31.37734250 0.00051316 0.01429825
31.42606833 0.00051191 0.01425255
31.47479416 0.00051067 0.01420706
31.52351998 0.00050942 0.01416178
31.57224581 0.00050818 0.01411673
31.62097164 0.00050693 0.01407188
31.66969746 0.00050569 0.01402725
31.71842329 0.00050444 0.01398283
31.76714912 0.00050320 0.01393861
31.81587494 0.00050195 0.01389461
31.86460077 0.00050070 0.01385081
31.91332660 0.00049946 0.01380722
31.96205242 0.00049821 0.01376383
32.01077825 0.00049697 0.01372065
32.05950408 0.00049572 0.01367767
32.10822990 0.00049448 0.01363488
32.15695573 0.00049323 0.01359230
32.20568156 0.00049199 0.01354992
32.25440738 0.00049074 0.01350773
32.30313321 0.00048950 0.01346574
32.35185904 0.00048825 0.01342394
32.40058486 0.00048700 0.01338233
32.44931069 0.00048576 0.01334092
32.49803652 0.00048451 0.01329970
32.54676234 0.00048327 0.01325867
32.59548817 0.00048202 0.01321782
32.64421400 0.00048078 0.01317717
32.69293982 0.00047953 0.01313670
32.74166565 0.00047829 0.01309641
32.79039148 0.00047704 0.01305631
32.83911730 0.00047579 0.01301639
32.88784313 0.00047455 0.01297666
32.93656896 0.00047341 0.01293710
32.98529478 0.00047232 0.01289773
33.03402061 0.00047122 0.01285853
33.08274644 0.00047013 0.01281951
33.13147226 0.00046904 0.01278067
33.18019809 0.00046794 0.01274200
33.22892392 0.00046685 0.01270350
33.27764974 0.00046575 0.01266518
33.32637557 0.00046466 0.01262704
33.37510140 0.00046357 0.01258906
33.42382722 0.00046247 0.01255125
33.47255305 0.00046138 0.01251361
33.52127888 0.00046029 0.01247615
33.57000470 0.00045919 0.01243884
33.61873053 0.00045810 0.01240171
33.66745636 0.00045701 0.01236474
33.71618218 0.00045591 0.01232793
33.76490801 0.00045482 0.01229129
33.81363384 0.00045372 0.01225480
33.86235966 0.00045263 0.01221848
33.91108549 0.00045154 0.01218232
33.95981132 0.00045044 0.01214633
34.00853714 0.00044935 0.01211048
34.05726297 0.00044826 0.01207480
34.10598880 0.00044716 0.01203927
34.15471462 0.00044607 0.01200390
34.20344045 0.00044498 0.01196868
34.25216628 0.00044388 0.01193362
34.30089210 0.00044279 0.01189871
34.34961793 0.00044169 0.01186396
34.39834376 0.00044060 0.01182935
34.44706958 0.00043951 0.01179489
34.49579541 0.00043841 0.01176059
34.54452124 0.00043732 0.01172643
34.59324706 0.00043623 0.01169242
34.64197289 0.00043513 0.01165856
34.69069872 0.00043404 0.01162484
34.73942454 0.00043295 0.01159127
34.78815037 0.00043197 0.01155785
34.83687620 0.00043101 0.01152456
34.88560202 0.00043005 0.01149143
34.93432785 0.00042909 0.01145843
34.98305368 0.00042813 0.01142557
35.03177950 0.00042717 0.01139286
35.08050533 0.00042621 0.01136028
35.12923116 0.00042525 0.01132784
35.17795698 0.00042429 0.01129554
35.22668281 0.00042333 0.01126338
35.27540864 0.00042237 0.01123136
35.32413446 0.00042142 0.01119947
35.37286029 0.00042046 0.01116771
35.42158612 0.00041950 0.01113609
35.47031194 0.00041854 0.01110460
35.51903777 0.00041758 0.01107325
35.56776360 0.00041662 0.01104203
35.61648942 0.00041566 0.01101094
35.66521525 0.00041470 0.01097998
35.71394108 0.00041374 0.01094915
35.76266690 0.00041278 0.01091844
35.81139273 0.00041182 0.01088787
35.86011856 0.00041086 0.01085742
35.90884438 0.00040990 0.01082711
35.95757021 0.00040894 0.01079691
36.00629604 0.00040798 0.01076685
36.05502186 0.00040702 0.01073691
36.10374769 0.00040606 0.01070709
36.15247352 0.00040510 0.01067739
36.20119934 0.00040414 0.01064782
36.24992517 0.00040318 0.01061837
36.29865100 0.00040222 0.01058904
36.34737682 0.00040126 0.01055984
36.39610265 0.00040030 0.01053075
36.44482848 0.00039934 0.01050178
36.49355430 0.00039838 0.01047293
36.54228013 0.00039742 0.01044420
36.59100596 0.00039646 0.01041559
36.63973178 0.00039551 0.01038710
36.68845761 0.00039460 0.01035872
36.73718344 0.00039376 0.01033045
36.78590926 0.00039292 0.01030230
36.83463509 0.00039208 0.01027427
36.88336092 0.00039124 0.01024635
36.93208674 0.00039039 0.01021854
36.98081257 0.00038955 0.01019085
37.02953840 0.00038871 0.01016326
37.07826422 0.00038787 0.01013579
37.12699005 0.00038703 0.01010843
37.17571588 0.00038619 0.01008118
37.22444170 0.00038534 0.01005404
37.27316753 0.00038450 0.01002701
37.32189336 0.00038366 0.01000008
37.37061918 0.00038282 0.00997327
37.41934501 0.00038198 0.00994656
37.46807084 0.00038114 0.00991996
37.51679666 0.00038030 0.00989346
37.56552249 0.00037945 0.00986707
37.61424832 0.00037861 0.00984078
37.66297414 0.00037777 0.00981460
37.71169997 0.00037693 0.00978853
37.76042580 0.00037609 0.00976255
37.80915162 0.00037525 0.00973668
37.85787745 0.00037441 0.00971092
37.90660328 0.00037356 0.00968525
37.95532910 0.00037272 0.00965968
38.00405493 0.00037188 0.00963422
38.05278076 0.00037104 0.00960885
38.10150658 0.00037020 0.00958359
38.15023241 0.00036936 0.00955842
38.19895824 0.00036852 0.00953336
38.24768406 0.00036767 0.00950839
38.29640989 0.00036683 0.00948352
38.34513572 0.00036599 0.00945874
38.39386154 0.00036515 0.00943406
38.44258737 0.00036431 0.00940948
38.49131320 0.00036347 0.00938500
38.54003902 0.00036263 0.00936060
38.58876485 0.00036178 0.00933631
38.63749068 0.00036094 0.00931211
38.68621650 0.00036014 0.00928800
38.73494233 0.00035940 0.00926398
38.78366816 0.00035866 0.00924006
38.83239398 0.00035793 0.00921623
38.88111981 0.00035719 0.00919249
38.92984564 0.00035645 0.00916884
38.97857146 0.00035571 0.00914528
39.02729729 0.00035498 0.00912182
39.07602312 0.00035424 0.00909844
39.12474894 0.00035350 0.00907515
39.17347477 0.00035276 0.00905196
39.22220060 0.00035203 0.00902885
39.27092642 0.00035129 0.00900582
39.31965225 0.00035055 0.00898289
39.36837808 0.00034981 0.00896004
39.41710390 0.00034908 0.00893728
39.46582973 0.00034834 0.00891461
39.51455556 0.00034760 0.00889202
39.56328138 0.00034686 0.00886952
39.61200721 0.00034613 0.00884710
39.66073304 0.00034539 0.00882477
39.70945886 0.00034465 0.00880252
39.75818469 0.00034391 0.00878035
39.80691052 0.00034318 0.00875827
39.85563634 0.00034244 0.00873627
39.90436217 0.00034170 0.00871435
39.95308800 0.00034097 0.00869252
40.00181382 0.00034023 0.00867077
40.05053965 0.00033949 0.00864910
40.09926548 0.00033875 0.00862750
40.14799130 0.00033802 0.00860599
40.19671713 0.00033728 0.00858456
40.24544296 0.00033654 0.00856321
40.29416878 0.00033580 0.00854194
40.34289461 0.00033507 0.00852075
40.39162044 0.00033433 0.00849964
40.44034626 0.00033359 0.00847860
40.48907209 0.00033285 0.00845764
40.53779792 0.00033212 0.00843676
40.58652374 0.00033138 0.00841596
40.63524957 0.00033064 0.00839523
40.68397540 0.00032990 0.00837458
40.73270122 0.00032917 0.00835400
40.78142705 0.00032847 0.00833350
40.83015288 0.00032782 0.00831308
40.87887870 0.00032718 0.00829273
40.92760453 0.00032653 0.00827245
40.97633036 0.00032589 0.00825225
41.02505618 0.00032524 0.00823213
41.07378201 0.00032459 0.00821207
41.12250784 0.00032395 0.00819209
41.17123366 0.00032330 0.00817218
41.21995949 0.00032266 0.00815234
41.26868532 0.00032201 0.00813258
41.31741114 0.00032137 0.00811289
41.36613697 0.00032072 0.00809326
41.41486280 0.00032007 0.00807371
41.46358862 0.00031943 0.00805423
41.51231445 0.00031878 0.00803482
41.56104028 0.00031814 0.00801548
41.60976610 0.00031749 0.00799621
41.65849193 0.00031684 0.00797701
41.70721776 0.00031620 0.00795787
41.75594358 0.00031555 0.00793881
41.80466941 0.00031491 0.00791981
41.85339524 0.00031426 0.00790088
41.90212106 0.00031362 0.00788202
41.95084689 0.00031297 0.00786323
41.99957272 0.00031232 0.00784450
42.04829854 0.00031168 0.00782584
42.09702437 0.00031103 0.00780725
42.14575020 0.00031039 0.00778872
42.19447602 0.00030974 0.00777026
42.24320185 0.00030909 0.00775186
42.29192768 0.00030845 0.00773353
42.34065350 0.00030780 0.00771526
42.38937933 0.00030716 0.00769706
42.43810516 0.00030651 0.00767892
42.48683098 0.00030587 0.00766085
42.53555681 0.00030522 0.00764284
42.58428264 0.00030457 0.00762489
42.63300846 0.00030393 0.00760700
42.68173429 0.00030328 0.00758918
42.73046012 0.00030264 0.00757142
42.77918594 0.00030199 0.00755372
42.82791177 0.00030134 0.00753609
42.87663760 0.00030070 0.00751851
42.92536342 0.00030005 0.00750100
42.97408925 0.00029946 0.00748355
43.02281508 0.00029889 0.00746616
43.07154090 0.00029833 0.00744882
43.12026673 0.00029776 0.00743155
43.16899256 0.00029720 0.00741434
43.21771838 0.00029663 0.00739719
43.26644421 0.00029607 0.00738010
43.31517004 0.00029550 0.00736306
43.36389586 0.00029494 0.00734609
43.41262169 0.00029437 0.00732917
43.46134752 0.00029381 0.00731231
43.51007334 0.00029324 0.00729551
43.55879917 0.00029268 0.00727877
43.60752500 0.00029211 0.00726209
43.65625082 0.00029154 0.00724546
43.70497665 0.00029098 0.00722889
43.75370248 0.00029041 0.00721237
43.80242830 0.00028985 0.00719591
43.85115413 0.00028928 0.00717951
43.89987996 0.00028872 0.00716316
43.94860578 0.00028815 0.00714687
43.99733161 0.00028759 0.00713064
44.04605744 0.00028702 0.00711446
44.09478326 0.00028646 0.00709833
44.14350909 0.00028589 0.00708226
44.19223492 0.00028533 0.00706624
44.24096074 0.00028476 0.00705028
44.28968657 0.00028420 0.00703437
44.33841240 0.00028363 0.00701852
44.38713822 0.00028306 0.00700272
44.43586405 0.00028250 0.00698697
44.48458988 0.00028193 0.00697127
44.53331570 0.00028137 0.00695563
44.58204153 0.00028080 0.00694004
44.63076736 0.00028024 0.00692450
44.67949318 0.00027967 0.00690902
44.72821901 0.00027911 0.00689358
44.77694484 0.00027854 0.00687820
44.82567066 0.00027798 0.00686287
44.87439649 0.00027741 0.00684759
44.92312232 0.00027685 0.00683236
44.97184814 0.00027628 0.00681718
45.02057397 0.00027572 0.00680205
45.06929980 0.00027515 0.00678697
45.11802562 0.00027458 0.00677194
45.16675145 0.00027402 0.00675696
45.21547728 0.00027345 0.00674203
45.26420310 0.00027295 0.00672715
45.31292893 0.00027246 0.00671232
45.36165476 0.00027196 0.00669754
45.41038058 0.00027147 0.00668281
45.45910641 0.00027097 0.00666812
45.50783224 0.00027048 0.00665348
45.55655806 0.00026998 0.00663890
45.60528389 0.00026949 0.00662435
45.65400972 0.00026899 0.00660986
45.70273554 0.00026850 0.00659541
45.75146137 0.00026800 0.00658102
45.80018720 0.00026751 0.00656666
45.84891302 0.00026702 0.00655236
45.89763885 0.00026652 0.00653810
45.94636468 0.00026603 0.00652389
45.99509050 0.00026553 0.00650972
46.04381633 0.00026504 0.00649560
46.09254216 0.00026454 0.00648153
46.14126798 0.00026405 0.00646750
46.18999381 0.00026355 0.00645351
46.23871964 0.00026306 0.00643958
46.28744546 0.00026256 0.00642568
46.33617129 0.00026207 0.00641183
46.38489712 0.00026158 0.00639803
46.43362294 0.00026108 0.00638427
46.48234877 0.00026059 0.00637056
46.53107460 0.00026009 0.00635689
46.57980042 0.00025960 0.00634326
46.62852625 0.00025910 0.00632967
46.67725208 0.00025861 0.00631613
46.72597790 0.00025811 0.00630264
46.77470373 0.00025762 0.00628918
46.82342956 0.00025712 0.00627577
46.87215538 0.00025663 0.00626240
46.92088121 0.00025613 0.00624908
46.96960704 0.00025564 0.00623580
47.01833286 0.00025515 0.00622255
47.06705869 0.00025465 0.00620936
47.11578452 0.00025416 0.00619620
47.16451034 0.00025366 0.00618308
47.21323617 0.00025317 0.00617001
47.26196200 0.00025267 0.00615698
47.31068782 0.00025218 0.00614398
47.35941365 0.00025168 0.00613103
47.40813948 0.00025119 0.00611812
47.45686530 0.00025069 0.00610526
47.50559113 0.00025020 0.00609243
47.55431696 0.00024970 0.00607964
47.60304278 0.00024921 0.00606689
47.65176861 0.00024878 0.00605418
47.70049444 0.00024835 0.00604151
47.74922026 0.00024791 0.00602888
47.79794609 0.00024748 0.00601629
47.84667192 0.00024705 0.00600374
47.89539774 0.00024662 0.00599123
47.94412357 0.00024618 0.00597876
47.99284940 0.00024575 0.00596633
48.04157522 0.00024532 0.00595393
48.09030105 0.00024489 0.00594158
48.13902688 0.00024445 0.00592926
48.18775270 0.00024402 0.00591698
48.23647853 0.00024359 0.00590474
48.28520436 0.00024316 0.00589253
48.33393018 0.00024272 0.00588037
48.38265601 0.00024229 0.00586824
48.43138184 0.00024186 0.00585615
48.48010766 0.00024143 0.00584410
48.52883349 0.00024099 0.00583208
48.57755932 0.00024056 0.00582010
48.62628514 0.00024013 0.00580816
48.67501097 0.00023970 0.00579625
48.72373680 0.00023926 0.00578438
48.77246262 0.00023883 0.00577255
48.82118845 0.00023840 0.00576075
48.86991428 0.00023797 0.00574899
48.91864010 0.00023753 0.00573726
48.96736593 0.00023710 0.00572557
49.01609176 0.00023667 0.00571392
49.06481758 0.00023624 0.00570230
49.11354341 0.00023580 0.00569072
49.16226924 0.00023537 0.00567917
49.21099506 0.00023494 0.00566766
49.25972089 0.00023451 0.00565618
49.30844672 0.00023407 0.00564473
49.35717254 0.00023364 0.00563332
49.40589837 0.00023321 0.00562195
49.45462420 0.00023278 0.00561061
49.50335002 0.00023234 0.00559930
49.55207585 0.00023191 0.00558803
49.60080168 0.00023148 0.00557679
49.64952750 0.00023105 0.00556559
49.69825333 0.00023061 0.00555442
49.74697916 0.00023018 0.00554328
49.79570498 0.00022975 0.00553218
49.84443081 0.00022932 0.00552111
49.89315664 0.00022888 0.00551007
49.94188246 0.00022845 0.00549907
49.99060829 0.00022802 0.00548810
50.03933412 0.00022759 0.00547716
50.08805994 0.00022715 0.00546625
