1.77172417 0.02669355 1.99081314
1.82135199 0.02641574 1.98717439
1.87097981 0.02613794 1.98294346
1.92060763 0.02586013 1.97812799
1.97023545 0.02558233 1.97273661
2.01986327 0.02530452 1.96677891
2.06949108 0.02502672 1.96026541
2.11911890 0.02474891 1.95320747
2.16874672 0.02447111 1.94561730
2.21837454 0.02419330 1.93750787
2.26800236 0.02391640 1.92889286
2.31763018 0.02363950 1.91978662
2.36725799 0.02336261 1.91020412
2.41688581 0.02308571 1.90016085
2.46651363 0.02280881 1.88967280
2.51614145 0.02253191 1.87875640
2.56576927 0.02225501 1.86742844
2.61539709 0.02197812 1.85570602
2.66502491 0.02171189 1.84360651
2.71465272 0.02144742 1.83114746
2.76428054 0.02118295 1.81834658
2.81390836 0.02091848 1.80522164
2.86353618 0.02065401 1.79179048
2.91316400 0.02038954 1.77807091
2.96279182 0.02012507 1.76408068
3.01241963 0.01986372 1.74983743
3.06204745 0.01961731 1.73535865
3.11167527 0.01937089 1.72066164
3.16130309 0.01912448 1.70576348
3.21093091 0.01887807 1.69068098
3.26055873 0.01863166 1.67543065
3.31018654 0.01838525 1.66002869
3.35981436 0.01813884 1.64449092
3.40944218 0.01790736 1.62883283
3.45907000 0.01768145 1.61306947
3.50869782 0.01745554 1.59721550
3.55832564 0.01722963 1.58128514
3.60795346 0.01700372 1.56529217
3.65758127 0.01677781 1.54924991
3.70720909 0.01655190 1.53317121
3.75683691 0.01633435 1.51706848
3.80646473 0.01612955 1.50095361
3.85609255 0.01592475 1.48483803
3.90572037 0.01571996 1.46873271
3.95534818 0.01551516 1.45264812
4.00497600 0.01531036 1.43659424
4.05460382 0.01510557 1.42058062
4.10423164 0.01490257 1.40461630
4.15385946 0.01471844 1.38870987
4.20348728 0.01453430 1.37286949
4.25311510 0.01435017 1.35710284
4.30274291 0.01416603 1.34141717
4.35237073 0.01398190 1.32581932
4.40199855 0.01379776 1.31031570
4.45162637 0.01361363 1.29491230
4.50125419 0.01344394 1.27961475
4.55088201 0.01327941 1.26442826
4.60050982 0.01311488 1.24935769
4.65013764 0.01295034 1.23440754
4.69976546 0.01278581 1.21958196
4.74939328 0.01262128 1.20488475
4.79902110 0.01245675 1.19031942
4.84864892 0.01229758 1.17588915
4.89827673 0.01215127 1.16159682
4.94790455 0.01200496 1.14744505
4.99753237 0.01185864 1.13343616
5.04716019 0.01171233 1.11957222
5.09678801 0.01156602 1.10585507
5.14641583 0.01141971 1.09228630
5.19604365 0.01127339 1.07886727
5.24567146 0.01113906 1.06559912
5.29529928 0.01100944 1.05248282
5.34492710 0.01087982 1.03951913
5.39455492 0.01075020 1.02670860
5.44418274 0.01062058 1.01405167
5.49381056 0.01049096 1.00154856
5.54343837 0.01036135 0.98919937
5.59306619 0.01023173 0.97700405
5.64269401 0.01011677 0.96496241
5.69232183 0.01000229 0.95307413
5.74194965 0.00988780 0.94133880
5.79157747 0.00977332 0.92975586
5.84120529 0.00965884 0.91832468
5.89083310 0.00954435 0.90704451
5.94046092 0.00942987 0.89591452
5.99008874 0.00931560 0.88493380
6.03971656 0.00921473 0.87410137
6.08934438 0.00911386 0.86341615
6.13897220 0.00901299 0.85287703
6.18860001 0.00891212 0.84248283
6.23822783 0.00881125 0.83223229
6.28785565 0.00871038 0.82212415
6.33748347 0.00860951 0.81215705
6.38711129 0.00850864 0.80232963
6.43673911 0.00841785 0.79264047
6.48636692 0.00832915 0.78308813
6.53599474 0.00824044 0.77367114
6.58562256 0.00815174 0.76438799
6.63525038 0.00806304 0.75523716
6.68487820 0.00797434 0.74621711
6.73450602 0.00788564 0.73732628
6.78413384 0.00779694 0.72856311
6.83376165 0.00771232 0.71992599
6.88338947 0.00763445 0.71141335
6.93301729 0.00755657 0.70302358
6.98264511 0.00747870 0.69475507
7.03227293 0.00740082 0.68660623
7.08190075 0.00732294 0.67857544
7.13152856 0.00724507 0.67066110
7.18115638 0.00716719 0.66286159
7.23078420 0.00708932 0.65517533
7.28041202 0.00701754 0.64760072
7.33003984 0.00694926 0.64013616
7.37966766 0.00688098 0.63278008
7.42929548 0.00681269 0.62553091
7.47892329 0.00674441 0.61838708
7.52855111 0.00667613 0.61134704
7.57817893 0.00660784 0.60440925
7.62780675 0.00653956 0.59757219
7.67743457 0.00647128 0.59083434
7.72706239 0.00640788 0.58419420
7.77669020 0.00634807 0.57765028
7.82631802 0.00628826 0.57120111
7.87594584 0.00622845 0.56484525
7.92557366 0.00616864 0.55858123
7.97520148 0.00610884 0.55240765
8.02482930 0.00604903 0.54632310
8.07445711 0.00598922 0.54032618
8.12408493 0.00592941 0.53441551
8.17371275 0.00587088 0.52858975
8.22334057 0.00581854 0.52284755
8.27296839 0.00576620 0.51718759
8.32259621 0.00571386 0.51160857
8.37222403 0.00566152 0.50610919
8.42185184 0.00560918 0.50068819
8.47147966 0.00555684 0.49534432
8.52110748 0.00550449 0.49007634
8.57073530 0.00545215 0.48488303
8.62036312 0.00539981 0.47976321
8.66999094 0.00535007 0.47471568
8.71961875 0.00530429 0.46973929
8.76924657 0.00525852 0.46483288
8.81887439 0.00521274 0.45999534
8.86850221 0.00516697 0.45522555
8.91813003 0.00512119 0.45052241
8.96775785 0.00507542 0.44588486
9.01738566 0.00502964 0.44131182
9.06701348 0.00498387 0.43680227
9.11664130 0.00493809 0.43235517
9.16626912 0.00489358 0.42796951
9.21589694 0.00485357 0.42364430
9.26552476 0.00481356 0.41937857
9.31515258 0.00477355 0.41517135
9.36478039 0.00473354 0.41102170
9.41440821 0.00469353 0.40692869
9.46403603 0.00465352 0.40289140
9.51366385 0.00461351 0.39890894
9.56329167 0.00457350 0.39498043
9.61291949 0.00453349 0.39110499
9.66254730 0.00449348 0.38728177
9.71217512 0.00445659 0.38350993
9.76180294 0.00442163 0.37978865
9.81143076 0.00438667 0.37611712
9.86105858 0.00435172 0.37249454
9.91068640 0.00431676 0.36892011
9.96031422 0.00428180 0.36539309
10.00994203 0.00424684 0.36191270
10.05956985 0.00421189 0.35847820
10.10919767 0.00417693 0.35508887
10.15882549 0.00414197 0.35174398
10.20845331 0.00410702 0.34844283
10.25808113 0.00407454 0.34518473
10.30770894 0.00404400 0.34196899
10.35733676 0.00401347 0.33879494
10.40696458 0.00398294 0.33566192
10.45659240 0.00395241 0.33256930
10.50622022 0.00392188 0.32951643
10.55584804 0.00389134 0.32650268
10.60547585 0.00386081 0.32352745
10.65510367 0.00383028 0.32059013
10.70473149 0.00379975 0.31769013
10.75435931 0.00376922 0.31482687
10.80398713 0.00373876 0.31199978
10.85361495 0.00371210 0.30920828
10.90324277 0.00368544 0.30645184
10.95287058 0.00365878 0.30372991
11.00249840 0.00363212 0.30104196
11.05212622 0.00360545 0.29838745
11.10175404 0.00357879 0.29576589
11.15138186 0.00355213 0.29317676
11.20100968 0.00352547 0.29061956
11.25063749 0.00349881 0.28809381
11.30026531 0.00347215 0.28559903
11.34989313 0.00344549 0.28313474
11.39952095 0.00341883 0.28070049
11.44914877 0.00339543 0.27829581
11.49877659 0.00337216 0.27592027
11.54840441 0.00334888 0.27357341
11.59803222 0.00332560 0.27125482
11.64766004 0.00330233 0.26896406
11.69728786 0.00327905 0.26670072
11.74691568 0.00325578 0.26446438
11.79654350 0.00323250 0.26225465
11.84617132 0.00320923 0.26007113
11.89579913 0.00318595 0.25791343
11.94542695 0.00316268 0.25578117
11.99505477 0.00313940 0.25367396
12.04468259 0.00311720 0.25159145
12.09431041 0.00309688 0.24953327
12.14393823 0.00307656 0.24749906
12.19356604 0.00305624 0.24548847
12.24319386 0.00303593 0.24350116
12.29282168 0.00301561 0.24153678
12.34244950 0.00299529 0.23959500
12.39207732 0.00297497 0.23767551
12.44170514 0.00295465 0.23577796
12.49133296 0.00293434 0.23390206
12.54096077 0.00291402 0.23204748
12.59058859 0.00289370 0.23021391
12.64021641 0.00287338 0.22840107
12.68984423 0.00285355 0.22660865
12.73947205 0.00283581 0.22483636
12.78909987 0.00281808 0.22308392
12.83872768 0.00280034 0.22135104
12.88835550 0.00278260 0.21963745
12.93798332 0.00276487 0.21794288
12.98761114 0.00274713 0.21626705
13.03723896 0.00272940 0.21460971
13.08686678 0.00271166 0.21297060
13.13649460 0.00269393 0.21134946
13.18612241 0.00267619 0.20974604
13.23575023 0.00265846 0.20816009
13.28537805 0.00264072 0.20659138
13.33500587 0.00262299 0.20503966
13.38463369 0.00260616 0.20350471
13.43426151 0.00259068 0.20198629
13.48388932 0.00257520 0.20048417
13.53351714 0.00255972 0.19899813
13.58314496 0.00254424 0.19752795
13.63277278 0.00252876 0.19607342
13.68240060 0.00251328 0.19463432
13.73202842 0.00249780 0.19321044
13.78165623 0.00248232 0.19180159
13.83128405 0.00246684 0.19040755
13.88091187 0.00245136 0.18902812
13.93053969 0.00243588 0.18766312
13.98016751 0.00242040 0.18631235
14.02979533 0.00240492 0.18497562
14.07942315 0.00238944 0.18365274
14.12905096 0.00237587 0.18234353
14.17867878 0.00236236 0.18104781
14.22830660 0.00234885 0.17976539
14.27793442 0.00233534 0.17849612
14.32756224 0.00232183 0.17723980
14.37719006 0.00230832 0.17599628
14.42681787 0.00229481 0.17476539
14.47644569 0.00228129 0.17354695
14.52607351 0.00226778 0.17234082
14.57570133 0.00225427 0.17114682
14.62532915 0.00224076 0.16996481
14.67495697 0.00222725 0.16879463
14.72458479 0.00221374 0.16763612
14.77421260 0.00220022 0.16648915
14.82384042 0.00218671 0.16535355
14.87346824 0.00217469 0.16422919
14.92309606 0.00216290 0.16311592
14.97272388 0.00215110 0.16201360
15.02235170 0.00213931 0.16092209
15.07197951 0.00212751 0.15984126
15.12160733 0.00211572 0.15877096
15.17123515 0.00210393 0.15771108
15.22086297 0.00209213 0.15666148
15.27049079 0.00208034 0.15562203
15.32011861 0.00206855 0.15459260
15.36974642 0.00205675 0.15357307
15.41937424 0.00204496 0.15256332
15.46900206 0.00203317 0.15156322
15.51862988 0.00202137 0.15057266
15.56825770 0.00200958 0.14959152
15.61788552 0.00199785 0.14861968
15.66751334 0.00198756 0.14765703
15.71714115 0.00197726 0.14670346
15.76676897 0.00196697 0.14575885
15.81639679 0.00195667 0.14482311
15.86602461 0.00194638 0.14389611
15.91565243 0.00193608 0.14297776
15.96528025 0.00192579 0.14206795
16.01490806 0.00191550 0.14116657
16.06453588 0.00190520 0.14027354
16.11416370 0.00189491 0.13938874
16.16379152 0.00188461 0.13851208
16.21341934 0.00187432 0.13764346
16.26304716 0.00186402 0.13678279
16.31267497 0.00185373 0.13592997
16.36230279 0.00184343 0.13508491
16.41193061 0.00183314 0.13424752
16.46155843 0.00182346 0.13341770
16.51118625 0.00181447 0.13259538
16.56081407 0.00180549 0.13178045
16.61044189 0.00179650 0.13097285
16.66006970 0.00178751 0.13017247
16.70969752 0.00177853 0.12937924
16.75932534 0.00176954 0.12859307
16.80895316 0.00176055 0.12781388
16.85858098 0.00175157 0.12704159
16.90820880 0.00174258 0.12627613
16.95783661 0.00173360 0.12551741
17.00746443 0.00172461 0.12476536
17.05709225 0.00171562 0.12401989
17.10672007 0.00170664 0.12328095
17.15634789 0.00169765 0.12254844
17.20597571 0.00168866 0.12182231
17.25560353 0.00167968 0.12110247
17.30523134 0.00167081 0.12038885
17.35485916 0.00166296 0.11968140
17.40448698 0.00165512 0.11898003
17.45411480 0.00164727 0.11828467
17.50374262 0.00163943 0.11759527
17.55337044 0.00163158 0.11691176
17.60299825 0.00162374 0.11623407
17.65262607 0.00161589 0.11556213
17.70225389 0.00160805 0.11489588
17.75188171 0.00160020 0.11423526
17.80150953 0.00159236 0.11358021
17.85113735 0.00158451 0.11293067
17.90076516 0.00157667 0.11228657
17.95039298 0.00156882 0.11164786
18.00002080 0.00156098 0.11101448
18.04964862 0.00155313 0.11038637
18.09927644 0.00154529 0.10976347
18.14890426 0.00153744 0.10914573
18.19853208 0.00152960 0.10853308
18.24815989 0.00152266 0.10792549
18.29778771 0.00151581 0.10732288
18.34741553 0.00150896 0.10672522
18.39704335 0.00150211 0.10613244
18.44667117 0.00149526 0.10554450
18.49629899 0.00148841 0.10496133
18.54592680 0.00148156 0.10438290
18.59555462 0.00147471 0.10380915
18.64518244 0.00146786 0.10324003
18.69481026 0.00146101 0.10267550
18.74443808 0.00145417 0.10211550
18.79406590 0.00144732 0.10155999
18.84369372 0.00144047 0.10100892
18.89332153 0.00143362 0.10046224
18.94294935 0.00142677 0.09991991
18.99257717 0.00141992 0.09938189
19.04220499 0.00141307 0.09884812
19.09183281 0.00140622 0.09831857
19.14146063 0.00139937 0.09779319
19.19108844 0.00139325 0.09727194
19.24071626 0.00138727 0.09675478
19.29034408 0.00138129 0.09624166
19.33997190 0.00137531 0.09573254
19.38959972 0.00136933 0.09522739
19.43922754 0.00136335 0.09472616
19.48885535 0.00135737 0.09422880
19.53848317 0.00135139 0.09373530
19.58811099 0.00134541 0.09324559
19.63773881 0.00133943 0.09275965
19.68736663 0.00133345 0.09227744
19.73699445 0.00132747 0.09179892
19.78662227 0.00132149 0.09132406
19.83625008 0.00131551 0.09085281
19.88587790 0.00130953 0.09038514
19.93550572 0.00130355 0.08992101
19.98513354 0.00129757 0.08946040
20.03476136 0.00129159 0.08900326
20.08438918 0.00128561 0.08854957
20.13401699 0.00127963 0.08809928
20.18364481 0.00127429 0.08765236
20.23327263 0.00126906 0.08720879
20.28290045 0.00126384 0.08676852
20.33252827 0.00125862 0.08633153
20.38215609 0.00125340 0.08589778
20.43178391 0.00124818 0.08546725
20.48141172 0.00124296 0.08503989
20.53103954 0.00123774 0.08461569
20.58066736 0.00123252 0.08419460
20.63029518 0.00122730 0.08377661
20.67992300 0.00122208 0.08336167
20.72955082 0.00121685 0.08294977
20.77917863 0.00121163 0.08254087
20.82880645 0.00120641 0.08213494
20.87843427 0.00120119 0.08173196
20.92806209 0.00119597 0.08133189
20.97768991 0.00119075 0.08093471
21.02731773 0.00118553 0.08054040
21.07694554 0.00118031 0.08014892
21.12657336 0.00117509 0.07976024
21.17620118 0.00116986 0.07937435
21.22582900 0.00116522 0.07899122
21.27545682 0.00116066 0.07861081
21.32508464 0.00115610 0.07823311
21.37471246 0.00115155 0.07785809
21.42434027 0.00114699 0.07748572
21.47396809 0.00114243 0.07711598
21.52359591 0.00113787 0.07674884
21.57322373 0.00113331 0.07638429
21.62285155 0.00112875 0.07602229
21.67247937 0.00112419 0.07566283
21.72210718 0.00111963 0.07530588
21.77173500 0.00111507 0.07495142
21.82136282 0.00111052 0.07459942
21.87099064 0.00110596 0.07424986
21.92061846 0.00110140 0.07390272
21.97024628 0.00109684 0.07355798
22.01987409 0.00109228 0.07321562
22.06950191 0.00108772 0.07287561
22.11912973 0.00108316 0.07253793
22.16875755 0.00107860 0.07220257
22.21838537 0.00107404 0.07186950
22.26801319 0.00106949 0.07153869
22.31764101 0.00106545 0.07121014
22.36726882 0.00106147 0.07088382
22.41689664 0.00105749 0.07055972
22.46652446 0.00105350 0.07023780
22.51615228 0.00104952 0.06991805
22.56578010 0.00104554 0.06960046
22.61540792 0.00104156 0.06928500
22.66503573 0.00103758 0.06897165
22.71466355 0.00103360 0.06866040
22.76429137 0.00102962 0.06835123
22.81391919 0.00102564 0.06804411
22.86354701 0.00102166 0.06773904
22.91317483 0.00101768 0.06743599
22.96280265 0.00101370 0.06713495
23.01243046 0.00100971 0.06683589
23.06205828 0.00100573 0.06653881
23.11168610 0.00100175 0.06624368
23.16131392 0.00099777 0.06595048
23.21094174 0.00099379 0.06565921
23.26056956 0.00098981 0.06536984
23.31019737 0.00098583 0.06508236
23.35982519 0.00098185 0.06479675
23.40945301 0.00097787 0.06451299
23.45908083 0.00097432 0.06423107
23.50870865 0.00097085 0.06395098
23.55833647 0.00096737 0.06367270
23.60796428 0.00096389 0.06339620
23.65759210 0.00096042 0.06312149
23.70721992 0.00095694 0.06284854
23.75684774 0.00095347 0.06257733
23.80647556 0.00094999 0.06230786
23.85610338 0.00094651 0.06204011
23.90573120 0.00094304 0.06177406
23.95535901 0.00093956 0.06150970
24.00498683 0.00093608 0.06124702
24.05461465 0.00093261 0.06098599
24.10424247 0.00092913 0.06072662
24.15387029 0.00092566 0.06046888
24.20349811 0.00092218 0.06021276
24.25312592 0.00091870 0.05995825
24.30275374 0.00091523 0.05970533
24.35238156 0.00091175 0.05945399
24.40200938 0.00090827 0.05920422
24.45163720 0.00090480 0.05895600
24.50126502 0.00090132 0.05870933
24.55089284 0.00089785 0.05846418
24.60052065 0.00089437 0.05822056
24.65014847 0.00089121 0.05797843
24.69977629 0.00088817 0.05773780
24.74940411 0.00088514 0.05749865
24.79903193 0.00088210 0.05726097
24.84865975 0.00087906 0.05702474
24.89828756 0.00087603 0.05678996
24.94791538 0.00087299 0.05655661
24.99754320 0.00086996 0.05632469
25.04717102 0.00086692 0.05609417
25.09679884 0.00086389 0.05586505
25.14642666 0.00086085 0.05563732
25.19605447 0.00085781 0.05541097
25.24568229 0.00085478 0.05518598
25.29531011 0.00085174 0.05496235
25.34493793 0.00084871 0.05474006
25.39456575 0.00084567 0.05451910
25.44419357 0.00084264 0.05429947
25.49382139 0.00083960 0.05408114
25.54344920 0.00083656 0.05386412
25.59307702 0.00083353 0.05364840
25.64270484 0.00083049 0.05343395
25.69233266 0.00082746 0.05322077
25.74196048 0.00082442 0.05300886
25.79158830 0.00082139 0.05279820
25.84121611 0.00081835 0.05258878
25.89084393 0.00081547 0.05238059
25.94047175 0.00081282 0.05217363
25.99009957 0.00081016 0.05196788
26.03972739 0.00080751 0.05176333
26.08935521 0.00080486 0.05155998
26.13898303 0.00080221 0.05135781
26.18861084 0.00079956 0.05115682
26.23823866 0.00079691 0.05095700
26.28786648 0.00079426 0.05075834
26.33749430 0.00079161 0.05056082
26.38712212 0.00078896 0.05036445
26.43674994 0.00078631 0.05016920
26.48637775 0.00078366 0.04997508
26.53600557 0.00078101 0.04978208
26.58563339 0.00077835 0.04959018
26.63526121 0.00077570 0.04939938
26.68488903 0.00077305 0.04920967
26.73451685 0.00077040 0.04902105
26.78414466 0.00076775 0.04883349
26.83377248 0.00076510 0.04864700
26.88340030 0.00076245 0.04846157
26.93302812 0.00075980 0.04827719
26.98265594 0.00075715 0.04809385
27.03228376 0.00075450 0.04791154
27.08191158 0.00075185 0.04773026
27.13153939 0.00074919 0.04755000
27.18116721 0.00074654 0.04737075
27.23079503 0.00074418 0.04719250
27.28042285 0.00074186 0.04701525
27.33005067 0.00073955 0.04683899
27.37967849 0.00073723 0.04666371
27.42930630 0.00073492 0.04648940
27.47893412 0.00073260 0.04631606
27.52856194 0.00073029 0.04614368
27.57818976 0.00072797 0.04597226
27.62781758 0.00072566 0.04580178
27.67744540 0.00072334 0.04563224
27.72707322 0.00072103 0.04546363
27.77670103 0.00071871 0.04529594
27.82632885 0.00071640 0.04512918
27.87595667 0.00071408 0.04496333
27.92558449 0.00071177 0.04479838
27.97521231 0.00070945 0.04463433
28.02484013 0.00070714 0.04447118
28.07446794 0.00070482 0.04430891
28.12409576 0.00070251 0.04414752
28.17372358 0.00070019 0.04398701
28.22335140 0.00069788 0.04382736
28.27297922 0.00069557 0.04366857
28.32260704 0.00069325 0.04351064
28.37223485 0.00069094 0.04335356
28.42186267 0.00068862 0.04319732
28.47149049 0.00068631 0.04304192
28.52111831 0.00068399 0.04288735
28.57074613 0.00068168 0.04273360
28.62037395 0.00067966 0.04258067
28.67000177 0.00067764 0.04242856
28.71962958 0.00067562 0.04227725
28.76925740 0.00067360 0.04212675
28.81888522 0.00067157 0.04197704
28.86851304 0.00066955 0.04182812
28.91814086 0.00066753 0.04167999
28.96776868 0.00066551 0.04153264
29.01739649 0.00066349 0.04138607
29.06702431 0.00066147 0.04124026
29.11665213 0.00065945 0.04109521
29.16627995 0.00065743 0.04095093
29.21590777 0.00065540 0.04080740
29.26553559 0.00065338 0.04066461
29.31516340 0.00065136 0.04052257
29.36479122 0.00064934 0.04038127
29.41441904 0.00064732 0.04024070
29.46404686 0.00064530 0.04010086
29.51367468 0.00064328 0.03996174
29.56330250 0.00064125 0.03982334
29.61293032 0.00063923 0.03968565
29.66255813 0.00063721 0.03954867
29.71218595 0.00063519 0.03941239
29.76181377 0.00063317 0.03927681
29.81144159 0.00063115 0.03914192
29.86106941 0.00062913 0.03900773
29.91069723 0.00062710 0.03887422
29.96032504 0.00062508 0.03874138
30.00995286 0.00062306 0.03860923
30.05958068 0.00062126 0.03847774
30.10920850 0.00061949 0.03834692
30.15883632 0.00061773 0.03821676
30.20846414 0.00061596 0.03808726
30.25809196 0.00061420 0.03795841
30.30771977 0.00061243 0.03783021
30.35734759 0.00061067 0.03770266
30.40697541 0.00060890 0.03757574
30.45660323 0.00060714 0.03744946
30.50623105 0.00060537 0.03732382
30.55585887 0.00060361 0.03719879
30.60548668 0.00060184 0.03707440
30.65511450 0.00060008 0.03695062
30.70474232 0.00059831 0.03682745
30.75437014 0.00059655 0.03670490
30.80399796 0.00059478 0.03658296
30.85362578 0.00059302 0.03646161
30.90325359 0.00059125 0.03634087
30.95288141 0.00058949 0.03622072
31.00250923 0.00058772 0.03610116
31.05213705 0.00058596 0.03598219
31.10176487 0.00058419 0.03586381
31.15139269 0.00058243 0.03574600
31.20102051 0.00058066 0.03562877
31.25064832 0.00057890 0.03551211
31.30027614 0.00057713 0.03539602
31.34990396 0.00057537 0.03528049
31.39953178 0.00057360 0.03516553
31.44915960 0.00057184 0.03505112
31.49878742 0.00057007 0.03493727
31.54841523 0.00056837 0.03482397
31.59804305 0.00056683 0.03471122
31.64767087 0.00056528 0.03459901
31.69729869 0.00056374 0.03448734
31.74692651 0.00056220 0.03437620
31.79655433 0.00056066 0.03426560
31.84618215 0.00055912 0.03415553
31.89580996 0.00055758 0.03404598
31.94543778 0.00055604 0.03393696
31.99506560 0.00055450 0.03382846
32.04469342 0.00055296 0.03372048
32.09432124 0.00055141 0.03361300
32.14394906 0.00054987 0.03350604
32.19357687 0.00054833 0.03339959
32.24320469 0.00054679 0.03329364
32.29283251 0.00054525 0.03318819
32.34246033 0.00054371 0.03308323
32.39208815 0.00054217 0.03297877
32.44171597 0.00054063 0.03287481
32.49134378 0.00053909 0.03277133
32.54097160 0.00053754 0.03266833
32.59059942 0.00053600 0.03256582
32.64022724 0.00053446 0.03246379
32.68985506 0.00053292 0.03236223
32.73948288 0.00053138 0.03226114
32.78911070 0.00052984 0.03216053
32.83873851 0.00052830 0.03206038
32.88836633 0.00052676 0.03196070
32.93799415 0.00052522 0.03186148
32.98762197 0.00052367 0.03176272
33.03724979 0.00052213 0.03166442
33.08687761 0.00052059 0.03156656
33.13650542 0.00051909 0.03146916
33.18613324 0.00051775 0.03137221
33.23576106 0.00051640 0.03127570
33.28538888 0.00051506 0.03117963
33.33501670 0.00051371 0.03108401
33.38464452 0.00051237 0.03098882
33.43427234 0.00051102 0.03089406
33.48390015 0.00050967 0.03079974
33.53352797 0.00050833 0.03070584
33.58315579 0.00050698 0.03061238
33.63278361 0.00050564 0.03051933
33.68241143 0.00050429 0.03042671
33.73203925 0.00050295 0.03033450
33.78166706 0.00050160 0.03024272
33.83129488 0.00050026 0.03015134
33.88092270 0.00049891 0.03006038
33.93055052 0.00049757 0.02996983
33.98017834 0.00049622 0.02987968
34.02980616 0.00049487 0.02978994
34.07943397 0.00049353 0.02970059
34.12906179 0.00049218 0.02961165
34.17868961 0.00049084 0.02952311
34.22831743 0.00048949 0.02943496
34.27794525 0.00048815 0.02934720
34.32757307 0.00048680 0.02925983
34.37720089 0.00048546 0.02917285
34.42682870 0.00048411 0.02908625
34.47645652 0.00048276 0.02900004
34.52608434 0.00048142 0.02891421
34.57571216 0.00048007 0.02882876
34.62533998 0.00047873 0.02874368
34.67496780 0.00047738 0.02865898
34.72459561 0.00047604 0.02857465
34.77422343 0.00047469 0.02849069
34.82385125 0.00047345 0.02840710
34.87347907 0.00047228 0.02832387
34.92310689 0.00047110 0.02824101
34.97273471 0.00046993 0.02815850
35.02236252 0.00046875 0.02807636
35.07199034 0.00046758 0.02799458
35.12161816 0.00046640 0.02791315
35.17124598 0.00046523 0.02783207
35.22087380 0.00046406 0.02775134
35.27050162 0.00046288 0.02767097
35.32012944 0.00046171 0.02759094
35.36975725 0.00046053 0.02751125
35.41938507 0.00045936 0.02743191
35.46901289 0.00045818 0.02735291
35.51864071 0.00045701 0.02727425
35.56826853 0.00045583 0.02719592
35.61789635 0.00045466 0.02711794
35.66752416 0.00045348 0.02704028
35.71715198 0.00045231 0.02696296
35.76677980 0.00045113 0.02688596
35.81640762 0.00044996 0.02680930
35.86603544 0.00044879 0.02673296
35.91566326 0.00044761 0.02665694
35.96529108 0.00044644 0.02658125
36.01491889 0.00044526 0.02650587
36.06454671 0.00044409 0.02643082
36.11417453 0.00044291 0.02635608
36.16380235 0.00044174 0.02628166
36.21343017 0.00044056 0.02620755
36.26305799 0.00043939 0.02613375
36.31268580 0.00043821 0.02606026
36.36231362 0.00043704 0.02598708
36.41194144 0.00043586 0.02591421
36.46156926 0.00043469 0.02584164
36.51119708 0.00043352 0.02576938
36.56082490 0.00043240 0.02569741
36.61045271 0.00043138 0.02562575
36.66008053 0.00043035 0.02555439
36.70970835 0.00042933 0.02548332
36.75933617 0.00042830 0.02541254
36.80896399 0.00042728 0.02534206
36.85859181 0.00042625 0.02527187
36.90821963 0.00042523 0.02520197
36.95784744 0.00042420 0.02513236
37.00747526 0.00042318 0.02506303
37.05710308 0.00042215 0.02499399
37.10673090 0.00042112 0.02492524
37.15635872 0.00042010 0.02485676
37.20598654 0.00041907 0.02478857
37.25561435 0.00041805 0.02472066
37.30524217 0.00041702 0.02465302
37.35486999 0.00041600 0.02458566
37.40449781 0.00041497 0.02451857
37.45412563 0.00041395 0.02445176
37.50375345 0.00041292 0.02438522
37.55338127 0.00041190 0.02431895
37.60300908 0.00041087 0.02425295
37.65263690 0.00040985 0.02418721
37.70226472 0.00040882 0.02412174
37.75189254 0.00040780 0.02405654
37.80152036 0.00040677 0.02399160
37.85114818 0.00040574 0.02392692
37.90077599 0.00040472 0.02386250
37.95040381 0.00040369 0.02379833
38.00003163 0.00040267 0.02373443
38.04965945 0.00040164 0.02367078
38.09928727 0.00040062 0.02360739
38.14891509 0.00039959 0.02354425
38.19854290 0.00039857 0.02348136
38.24817072 0.00039754 0.02341872
38.29779854 0.00039652 0.02335633
38.34742636 0.00039549 0.02329419
38.39705418 0.00039453 0.02323230
38.44668200 0.00039364 0.02317065
38.49630982 0.00039274 0.02310925
38.54593763 0.00039185 0.02304809
38.59556545 0.00039095 0.02298717
38.64519327 0.00039006 0.02292649
38.69482109 0.00038916 0.02286605
38.74444891 0.00038827 0.02280585
38.79407673 0.00038737 0.02274588
38.84370454 0.00038648 0.02268615
38.89333236 0.00038558 0.02262665
38.94296018 0.00038469 0.02256739
38.99258800 0.00038379 0.02250836
39.04221582 0.00038290 0.02244956
39.09184364 0.00038201 0.02239098
39.14147146 0.00038111 0.02233264
39.19109927 0.00038022 0.02227452
39.24072709 0.00037932 0.02221663
39.29035491 0.00037843 0.02215896
39.33998273 0.00037753 0.02210152
39.38961055 0.00037664 0.02204430
39.43923837 0.00037574 0.02198730
39.48886618 0.00037485 0.02193052
39.53849400 0.00037395 0.02187396
39.58812182 0.00037306 0.02181761
39.63774964 0.00037216 0.02176148
39.68737746 0.00037127 0.02170557
39.73700528 0.00037037 0.02164988
39.78663309 0.00036948 0.02159439
39.83626091 0.00036858 0.02153912
39.88588873 0.00036769 0.02148406
39.93551655 0.00036679 0.02142921
39.98514437 0.00036590 0.02137457
40.03477219 0.00036500 0.02132013
40.08440001 0.00036411 0.02126591
40.13402782 0.00036321 0.02121189
40.18365564 0.00036232 0.02115807
40.23328346 0.00036142 0.02110446
40.28291128 0.00036053 0.02105105
40.33253910 0.00035973 0.02099784
40.38216692 0.00035895 0.02094484
40.43179473 0.00035817 0.02089203
40.48142255 0.00035739 0.02083942
40.53105037 0.00035661 0.02078701
40.58067819 0.00035583 0.02073480
40.63030601 0.00035504 0.02068278
40.67993383 0.00035426 0.02063096
40.72956165 0.00035348 0.02057933
40.77918946 0.00035270 0.02052789
40.82881728 0.00035192 0.02047665
40.87844510 0.00035114 0.02042559
40.92807292 0.00035036 0.02037473
40.97770074 0.00034958 0.02032406
41.02732856 0.00034880 0.02027357
41.07695637 0.00034802 0.02022327
41.12658419 0.00034723 0.02017316
41.17621201 0.00034645 0.02012323
41.22583983 0.00034567 0.02007349
41.27546765 0.00034489 0.02002393
41.32509547 0.00034411 0.01997455
41.37472328 0.00034333 0.01992536
41.42435110 0.00034255 0.01987635
41.47397892 0.00034177 0.01982751
41.52360674 0.00034099 0.01977886
41.57323456 0.00034021 0.01973038
41.62286238 0.00033943 0.01968208
41.67249020 0.00033864 0.01963396
41.72211801 0.00033786 0.01958602
41.77174583 0.00033708 0.01953824
41.82137365 0.00033630 0.01949065
41.87100147 0.00033552 0.01944322
41.92062929 0.00033474 0.01939597
41.97025711 0.00033396 0.01934889
42.01988492 0.00033318 0.01930198
42.06951274 0.00033240 0.01925524
42.11914056 0.00033162 0.01920867
42.16876838 0.00033083 0.01916227
42.21839620 0.00033005 0.01911603
42.26802402 0.00032927 0.01906996
42.31765183 0.00032853 0.01902406
42.36727965 0.00032784 0.01897832
42.41690747 0.00032716 0.01893275
42.46653529 0.00032648 0.01888734
42.51616311 0.00032580 0.01884209
42.56579093 0.00032512 0.01879700
42.61541875 0.00032444 0.01875208
42.66504656 0.00032376 0.01870731
42.71467438 0.00032307 0.01866271
42.76430220 0.00032239 0.01861826
42.81393002 0.00032171 0.01857397
42.86355784 0.00032103 0.01852984
42.91318566 0.00032035 0.01848587
42.96281347 0.00031967 0.01844205
43.01244129 0.00031899 0.01839839
43.06206911 0.00031830 0.01835488
43.11169693 0.00031762 0.01831152
43.16132475 0.00031694 0.01826832
43.21095257 0.00031626 0.01822527
43.26058039 0.00031558 0.01818238
43.31020820 0.00031490 0.01813963
43.35983602 0.00031422 0.01809703
43.40946384 0.00031353 0.01805458
43.45909166 0.00031285 0.01801228
43.50871948 0.00031217 0.01797013
43.55834730 0.00031149 0.01792813
43.60797511 0.00031081 0.01788627
43.65760293 0.00031013 0.01784456
43.70723075 0.00030945 0.01780300
43.75685857 0.00030876 0.01776157
43.80648639 0.00030808 0.01772030
43.85611421 0.00030740 0.01767916
43.90574202 0.00030672 0.01763817
43.95536984 0.00030604 0.01759732
44.00499766 0.00030536 0.01755661
44.05462548 0.00030468 0.01751605
44.10425330 0.00030399 0.01747562
44.15388112 0.00030331 0.01743533
44.20350894 0.00030263 0.01739518
44.25313675 0.00030195 0.01735517
44.30276457 0.00030127 0.01731530
44.35239239 0.00030059 0.01727556
44.40202021 0.00029991 0.01723596
44.45164803 0.00029930 0.01719650
44.50127585 0.00029871 0.01715717
44.55090366 0.00029811 0.01711797
44.60053148 0.00029752 0.01707891
44.65015930 0.00029692 0.01703998
44.69978712 0.00029633 0.01700119
44.74941494 0.00029573 0.01696252
44.79904276 0.00029514 0.01692399
44.84867058 0.00029455 0.01688559
44.89829839 0.00029395 0.01684732
44.94792621 0.00029336 0.01680917
44.99755403 0.00029276 0.01677116
45.04718185 0.00029217 0.01673328
45.09680967 0.00029157 0.01669552
45.14643749 0.00029098 0.01665789
45.19606530 0.00029038 0.01662039
45.24569312 0.00028979 0.01658301
45.29532094 0.00028920 0.01654576
45.34494876 0.00028860 0.01650863
45.39457658 0.00028801 0.01647163
45.44420440 0.00028741 0.01643476
45.49383221 0.00028682 0.01639800
45.54346003 0.00028622 0.01636137
45.59308785 0.00028563 0.01632486
45.64271567 0.00028503 0.01628847
45.69234349 0.00028444 0.01625221
45.74197131 0.00028385 0.01621606
45.79159913 0.00028325 0.01618004
45.84122694 0.00028266 0.01614413
45.89085476 0.00028206 0.01610834
45.94048258 0.00028147 0.01607268
45.99011040 0.00028087 0.01603713
46.03973822 0.00028028 0.01600169
46.08936604 0.00027968 0.01596638
46.13899385 0.00027909 0.01593118
46.18862167 0.00027850 0.01589610
46.23824949 0.00027790 0.01586113
46.28787731 0.00027731 0.01582628
46.33750513 0.00027671 0.01579154
46.38713295 0.00027612 0.01575691
46.43676077 0.00027552 0.01572240
46.48638858 0.00027493 0.01568800
46.53601640 0.00027433 0.01565372
46.58564422 0.00027374 0.01561954
46.63527204 0.00027318 0.01558548
46.68489986 0.00027266 0.01555153
46.73452768 0.00027214 0.01551769
46.78415549 0.00027162 0.01548396
46.83378331 0.00027110 0.01545034
46.88341113 0.00027058 0.01541683
46.93303895 0.00027006 0.01538342
46.98266677 0.00026955 0.01535013
47.03229459 0.00026903 0.01531694
47.08192240 0.00026851 0.01528386
47.13155022 0.00026799 0.01525089
47.18117804 0.00026747 0.01521802
47.23080586 0.00026695 0.01518526
47.28043368 0.00026643 0.01515260
47.33006150 0.00026592 0.01512005
47.37968932 0.00026540 0.01508761
47.42931713 0.00026488 0.01505527
47.47894495 0.00026436 0.01502303
47.52857277 0.00026384 0.01499089
47.57820059 0.00026332 0.01495886
47.62782841 0.00026281 0.01492693
47.67745623 0.00026229 0.01489510
47.72708404 0.00026177 0.01486337
47.77671186 0.00026125 0.01483175
47.82633968 0.00026073 0.01480022
47.87596750 0.00026021 0.01476880
47.92559532 0.00025969 0.01473747
47.97522314 0.00025918 0.01470624
48.02485095 0.00025866 0.01467512
48.07447877 0.00025814 0.01464409
48.12410659 0.00025762 0.01461316
48.17373441 0.00025710 0.01458232
48.22336223 0.00025658 0.01455159
48.27299005 0.00025606 0.01452095
48.32261787 0.00025555 0.01449041
48.37224568 0.00025503 0.01445996
48.42187350 0.00025451 0.01442961
48.47150132 0.00025399 0.01439935
48.52112914 0.00025347 0.01436919
48.57075696 0.00025295 0.01433913
48.62038478 0.00025243 0.01430915
48.67001259 0.00025192 0.01427928
48.71964041 0.00025140 0.01424949
48.76926823 0.00025088 0.01421980
48.81889605 0.00025036 0.01419020
48.86852387 0.00024984 0.01416069
48.91815169 0.00024932 0.01413127
48.96777951 0.00024886 0.01410195
49.01740732 0.00024841 0.01407271
49.06703514 0.00024795 0.01404357
49.11666296 0.00024750 0.01401452
49.16629078 0.00024705 0.01398555
49.21591860 0.00024660 0.01395668
49.26554642 0.00024615 0.01392790
49.31517423 0.00024569 0.01389920
49.36480205 0.00024524 0.01387059
49.41442987 0.00024479 0.01384207
49.46405769 0.00024434 0.01381364
49.51368551 0.00024388 0.01378530
49.56331333 0.00024343 0.01375704
49.61294114 0.00024298 0.01372887
49.66256896 0.00024253 0.01370078
49.71219678 0.00024208 0.01367278
49.76182460 0.00024162 0.01364487
49.81145242 0.00024117 0.01361704
49.86108024 0.00024072 0.01358930
49.91070806 0.00024027 0.01356164
49.96033587 0.00023981 0.01353407
50.00996369 0.00023936 0.01350657
50.05959151 0.00023891 0.01347917
50.10921933 0.00023846 0.01345184
50.15884715 0.00023801 0.01342460
50.20847497 0.00023755 0.01339744
50.25810278 0.00023710 0.01337037
50.30773060 0.00023665 0.01334337
50.35735842 0.00023620 0.01331646
50.40698624 0.00023574 0.01328963
50.45661406 0.00023529 0.01326287
50.50624188 0.00023484 0.01323620
50.55586970 0.00023439 0.01320961
50.60549751 0.00023394 0.01318310
50.65512533 0.00023348 0.01315667
50.70475315 0.00023303 0.01313032
50.75438097 0.00023258 0.01310405
50.80400879 0.00023213 0.01307785
50.85363661 0.00023167 0.01305173
50.90326442 0.00023122 0.01302570
50.95289224 0.00023077 0.01299974
51.00252006 0.00023032 0.01297385
51.05214788 0.00022987 0.01294805
51.10177570 0.00022941 0.01292232
51.15140352 0.00022896 0.01289666
51.20103133 0.00022851 0.01287109
51.25065915 0.00022806 0.01284559
51.30028697 0.00022760 0.01282016
51.34991479 0.00022715 0.01279481
